# locations format = lat, lon
SHELBY=33.21482,-87.54280
QUAD=33.21044,-87.54529
ARBORETUM=33.19412,-87.48176
NORTHPORT_GOLF=33.29439,-87.63900

